[0, 0, 202],
      [20, 1, 292],
      [20, 2, 822],
      [20, 3, 242],
      [20, 4, 672],
      [20, 5, 202],
      [20, 6, 202],
      [20, 7, 202],
      [20, 8, 202],
      [20, 9, 202],
      [20, 10, 20],
      [20, 11, 29],
      [20, 12, 82],
      [20, 13, 24],
      [20, 14, 67],
      [20, 15, 20],
      [20, 16, 20],
      [20, 17, 20],
      [20, 18, 20],
      [20, 19, 20],
      [22, 0, 222],
      [22, 1, 292],
      [22, 2, 822],
      [22, 3, 242],
      [22, 4, 672],
      [22, 5, 222],
      [22, 6, 222],
      [22, 7, 222],
             [22, 8, 222],
             [22, 9, 222],
             [22, 10, 22],
             [22, 11, 29],
             [22, 12, 82],
             [22, 13, 24],
             [22, 14, 67],
             [22, 15, 22],
             [22, 16, 22],
             [22, 17, 22],
             [22, 18, 22],
             [22, 19, 20],
             [22, 0, 222],
             [22, 1, 292],
             [22, 2, 822],
             [22, 3, 242],
             [22, 4, 672],
             [22, 5, 222],
[22, 6, 222],
[22, 7, 222],
[22, 8, 222],
[22, 9, 222],
[22, 10, 22],
[22, 11, 29],
[22, 12, 82],
[22, 13, 24],
[22, 14, 67],
[22, 15, 22],
[22, 16, 22],
[22, 17, 22],
[22, 18, 22],
[22, 19, 20],
[23, 0, 232],
[23, 1, 292],
[23, 2, 822],
[23, 3, 242],
[23, 4, 672],
[23, 5, 232],
[23, 6, 232],
[23, 7, 232],
[23, 8, 232],
[23, 9, 232],
[23, 10, 23],
[23, 11, 29],
[23, 12, 82],
[23, 13, 24],
[23, 14, 67],
[23, 15, 23],
[23, 16, 23],
[23, 17, 23],
[23, 18, 23],
[23, 19, 20],
[24, 0, 242],
[24, 1, 292],
[24, 2, 822],
[24, 3, 242],
[24, 4, 672],
[24, 5, 242],
[24, 6, 242],
[24, 7, 242],
[24, 8, 242],
[24, 9, 242],
[24, 10, 24],
[24, 11, 29],
[24, 12, 82],
[24, 13, 24],
[24, 14, 67],
[24, 15, 24],
[24, 16, 24],
[24, 17, 24],
[24, 18, 24],
[24, 19, 20],
